%% 11-04-2019
folder = 'U:\Data1\SiyuTaskfiles';
% rlist = [1 4; 1 3; 1 2; 2 4;1 4; 1 3; 1 2; 2 4;2 3; 3 4];
rlist = [1 3; 1 5; 3 5];
generate_task_v3(4, 3, 6, 130, rlist, [1 5], folder);