benchstats <-
structure(c(0.0002934256489305, 0.41065425845, 0.165460632948925, 
0.139632641462226, 0.08488554114711, -0.225163226465637, 0.13917616289443, 
-0.14234908281836, -0.6734031009, 0.03068610281, 0.9524848356, 
-0.00263631422598705, 0.57547925635, 9.15413379350677e-05, 0.0605532200286372, 
0.0477111749166267, 0.126747870881708, 0.101817538296509, 0.177957998033173, 
0.105784025737138, 0.169246632237909, 0.0930472596564391, 0.00227169065831958, 
0.0839575243848776, 0.00279379706171724, 0.0324722615833383, 
6.47295008127757e-07, 0.000428175925049304, 0.000337368953219242, 
0.000896242790014125, 0.000719958717731824, 0.00125835307175639, 
0.000748006019399423, 0.00119675441348411, 0.000657943482738936, 
1.60632786925591e-05, 0.000593669348241819, 1.97551284759931e-05, 
0.00022961356366042, 1.06732478587164e-06, 0.00284385817077574, 
0.000480729987580967, 0.00172662948263146, 0.00138668431895347, 
0.00226269324540819, 0.00126537224029732, 0.00163229033650091, 
0.00318146481981056, 9.74359367857212e-05, 0.00454209119001504, 
2.56606239663405e-05, 0.000303627864015561), .Dim = c(13L, 4L
), .Dimnames = list(c("beta[1]", "beta[2]", "beta[3]", "beta[4]", 
"beta[5]", "beta[6]", "beta[7]", "beta[8]", "gamma[1]", "gamma[2]", 
"gamma[3]", "phi", "theta"), c("Mean", "SD", "Naive SE", "Time-series SE"
)))
